10010110110011110110101111100111100011011
01110101001000000011100000101100110101111
10110101010110011101011010110101000101101
10000110010001010010011100101000011011101
00110011110100110111000000111100101000110
01110000010110100100001010110100110100110
11001101010101111100011111001011110000100
00101000001000110101101101110001000010111
11111011101000000111000101101110110010111
00100100010111111000100111100110101010110
01011011101100110101011110010001001111110
01111011111001110001001000001000010011110
10100000000010100011111101100010001110010
01111111010001010011110011001101111001111
11101100000110010000101110001101100010110
00110010100000111101011110011011011110010
01101101000011000101111011000011000100001
11011101101111011011000010011110101101000
11100001110000010101000110010110100101110
10100100001111111011010000010100111010011
10100100110110111000011110011011001101110
00111100100110101101010011110010011001001
00101101110001011101110011011011100100110
11110000000000110000010010101101011100001
10001111001011101001110111000010101011110
01010100010001100001010010001011000001111
10111011100101010011101110111111000110110
01111111000000010000100000100000100110110
11001000001011000011101010111001001111101
00101110001101001000111011010010011011111
10101000110101010101111011010101000001001
01001011010001101111111100010011111111010
00101001100100001110000110000011100000001
01010011101110000011000011101100010111110
01010100110111001011111001011110101101011
01111011111010100101111111111111110001100
01000100010011011001000100111000101001111
01010000001100010111100111011110010111100
11111001000100001001101001111101011110001
11101101111010000010110111101100010110010
01010100001101111100010100000100000101000
00110101111010000001111110110101010111101
10011001110001010010110000111101011111101
00101100100010111011011000011001000000010
10101001111000001101111100000101101001110
10111101110010101110001100000001000001100
00000111101101100101101001000010101011001
10010010110011001101000100111001011101110
10011010001011100101001001101111100100000
00111000110010001000001000000110001000111
