11100110100011010101110111110
11011100100110111110111101001
00111011111011100010010101000
00010110010111011011110110000
11000100101010101111111000011
11100001100000001100011111011
00010100101100101011010011001
10000011000101110110100110010
11100101000011101001011110000
00001011000110010011110101001
11110111111101100011000011111
10100111100100110001111000001
11101101100101101101101100111
10001111100011110110111011001
00000011000010010000010010000
10000001110111110011010001000
00111001101000001001100101101
10111010001110010101011011000
11011110111110100010100011010
00000000010010110100000101101
00000010111000001001011000010
10001000111001000000010111111
00101010011011000010001011010
00101101000100100001011110100
00011100100110101100100010100
00001111000111000010110011010
00110010100000001111011010000
10100010000110000000110111111
11100001011100011001100110011
00010101111000101011011101000
10100100100101011000111110111
01101101011011010010011100100
10001000011001100000001001101
11110010010010110010101001111
01011111110110101001011100101
01000111111110100110100101000
10100101010010001010001111000
10010101100100011100110000111
11101101010100101000010010110
11011010000101011010011010010
01110011110101110101101110110
10011001110001100010111011000
10001111011100101010111000111
11110100001110100011011100011
01011001110100011001000010010
10001111111100010100101111110
10110010001101001111110011011
11000111101100010111100101001
10010110001100110011110101011
11101001010001100000010000101
