00010001111101
01100100001111
00011011011100
01001101000011
01000011011110
11100010100101
10110010111000
10000001100000
00000110011000
10101110100100
00010110001010
10100010110010
11000011001100
00010110010101
01110100001111
01010011101000
00011100100101
00011100000010
00011111010111
10011111000101
01111010100010
01101110110100
10110111100010
11010101110001
00001110111110
00100010011000
10011001100111
10000110100001
10001101000101
00000010011001
01001110100100
11011111011111
01100011111110
11100100010101
10010101011001
11101110011000
00111001110001
01000001010110
11101001011010
10111101011011
10100010111100
00110110111001
10000101111110
00010101101101
10110000100110
10000011001110
00001100011100
00100010100001
00101111011010
10111111110000
